callerid
13853993771
13853993771
13044006063
16204743844
15167255271
15167255271
15167255271
12534204753
12534204753
12534204753
19043009582
19043009582
19048037766
19712780042
12673965711
12673965711
15613059562
15613059562
19252143839
15613059562
19252143839
13152883565
13152883565
13152883565
13152883565
13152883565
13152883565
13152883565
13076777631
15612811074
15612811074
15612811074
15612811074
16307886388
15207522434
16126016730
16126016730
16126016730
16126016730
16126016730
15082965132
15082965132
15082965132
18066323692
19094368850
19094368850
19094368850
19094368850
14094331638
19737807953
19737807953
16066709309
16066709309
15027279940
15027279940
15027279940
15027279940
15027279940
15027279940
15027279940
15027279940
15027279940
15027279940
14128078157
14128078157
13365773984
13392369709
13362011791
16159959544
16159959544
16159959544
16159959544
17175756269
13039490868
12084103385
15512966218
13108808756
12036719940
13603920740
13603920740
13603920740
13603920740
13603920740
13603920740
17134297348
17134297348
13603920740
13603920740
13603920740
13603920740
19564100636
17175756269
15303297619
18033363877
19043009582
12247253330
12247253330
12247253330
12247253330
12247253330
12247253330
12247253330
12247253330
12247253330
12247253330
12247253330
19048037766
12624439187
12624439187
12624439187
12624439187
12624439187
12624439187
12624439187
12624439187
12624439187
12624439187
12624439187
12624439187
12624439187
18046872909
17403521347
17403521347
19168008159
17403521347
17403521347
17403521347
17403521347
17814763555
17403521347
17403521347
17403521347
17403521347
13617172071
17078038660
14123892720
14123892720
15674428157
13306196570
13617172071
17329956441
12247253330
12247253330
12247253330
13025933194
17403521347
14104990311
14787331139
14787331139
14787331139
12028127701
14086445906
14787331139
19702005109
12247253330
19315816210
14086445906
19702005109
13602705086
18183839890
18183839890
18433609884
18023639545
13478308642
12038648499
14697238985
13525933045
13525933045
13525933045
14787331139
14787331139
12052243537
16469056690
17134297348
17134297348
12544471210
14787331139
13303163478
17278588306
18433609884
12544471210
14787331139
17754361115
14787331139
16672368687
17012305520
15595403545
17134297348
12138047055
18183839890
18183839890
18183839890
18183839890
14787331139
19732029293
17134297348
16365426417
15017372064
16592017468
17134297348
17473341231
14787331139
17868346092
15615891479
16463492889
18142810357
13525933045
17173826350
13525933045
13525933045
13525933045
16463492766
13525933045
18722312209
13525933045
18452516062
15592600192
13469716273
18283310765
15592600192
14323711559
18438642430
19562062889
12126345604
19562062889
12126345135
13109490368
18326556135
12138047055
18722313753
16606314231
17134297348
12138047055
12085374131
18326556135
15168631043
18722312363
17815124568
12138047055
16463479076
17137847353
15344005275
17134297348
12138047055
13234073209
12128474455
19037863036
17134297348
17754168959
19095094151
19562062889
17137847353
16368751533
12126344732
17137847353
16204743844
17134297348
18326556135
12138047055
12542493863
18405005665
12692370446
12692370446
12692370446
17134297348
12692370446
17134297348
12138047055
12692370446
12692370446
12692370446
12692370446
12692370446
17372161269
12692370446
14012973713
12692370446
14125835689
13097382208
15027098980
13365830380
14809795652
18456530009
17169976586
17134297348
16025766697
18504881074
17134297348
17134297348
17134297348
12567970132
12567970132
18609960400
12343903355
15635793117
18039130053
12026562260
12026562260
15104219995
19714011633
12026562260
12026562260
12026562260
12026562260
12026562260
12026562260
12026562260
12026562260
12343903355
15635793117
15104219995
15034657817
12407408250
15034657817
15034657817
12567970132
12567970132
12567970132
12567970132
15034657817
13366029832
13366029832
16505429593
16505429593
16505429593
12036719940
12036719940
17203539405
15618140493
16629602681
12036719940
14016176892
12026562260
12036719940
19123226653
13212166307
12026562260
19123226653
13479655984
17325588466
19546467792
12138062590
19098717790
19098717790
17203539405
15856987514
15856987514
19098717790
15856987514
18182825696
15623658762
17134297348
14809795652
15164419961
12407408250
12407408250
12407408250
12407408250
12407408250
12407408250
12407408250
12407408250
12407408250
16286280056
17178241192
17175756269
19564100636
19564100636
19564100636
19564100636
19564100636
12136190107
16266382076
13463016220
13463016220
13463016220
15029094566
15029094566
13465375147
15029094566
15029094566
13465375147
16266382076
13465375147
13465375147
12165708323
15029094566
13018831991
13465375147
16266382076
13465375147
13018831991
12133291131
12133291131
12133291131
12165708323
16266382076
16122826442
13465375147
13465375147
13465375147
14109359554
14079956540
15153797678
14079956540
15153797678
15153797678
14079956540
15153797678
15153797678
14079956540
15153797678
14079956540
14079956540
15153797678
15153797678
15153797678
15153797678
17134297348
15153797678
19018464305
15029094566
15029094566
15029094566
15627326247
17754819446
12133291131
12138062590
15102893480
19562205265
15029094566
15029094566
19175009550
15029094566
13365100671
19175009550
15303189320
12567970132
12567970132
12567970132
12567970132
18135512801
18135512801
18135512801
15013175684
12567970132
18135512801
14087102038
16059298863
12138062590
14087102038
15162623710
13054178769
16693059222
12078148699
13054178769
12567970132
17277291142
14172957536
13054178769
15029094566
15029094566
17138942542
16317925569
18646525698
16317925569
15029094566
18646525698
12096880803
17372808879
18646525698
12567970132
15029094566
18326556135
13054178769
18135512801
18135512801
18135512801
18135512801
18135512801
18135512801
18135512801
18135512801
13193501754
18135512801
18135512801
17134297348
18135512801
13322035744
13129141987
14172957536
18135512801
16017239998
18135512801
18135512801
12146832055
17742820432
17162243189
18135512801
19144967125
18135512801
18135512801
12035437950
12138062590
18135512801
16025505656
17045774445
19369334914
13136885246
17045774445
16025505656
17012305520
18135512801
17045774445
18135512801
18188807895
16126198335
19807225902
16314964988
18135512801
12029959336
16126198335
12029959336
19898460000
18183839890
18135512801
18637384770
18168273475
18135512801
18168273475
12524329207
12029959336
12029959336
18183839890
12029846623
16025505656
14079426390
16092045875
12029846623
16126198335
16025505656
15854356848
15854356848
12029846623
14024701349
14024701349
14024701349
18135512801
17175720575
17175720575
17607176712
19175003230
12029846623
18655039403
18655039403
15618095893
12062912698
18655039403
18165410303
18655039403
12029846623
12523259801
17329911151
18655039403
12343903355
18655039403
19292729537
17329911151
16122826442
13046557267
17049066008
12153105060
18638386117
12673078699
19362240613
12673078699
16077482377
16192534825
17035979832
17178707113
17026003844
13135303299
13214179379
14028023032
16178019453
12567947711
14028023032
14028023032
13129522569
16178019453
14028023032
16178019453
19564100636
13046557267
17868622084
14028023032
16178019453
18323032354
19564100636
16178019453
13465375147
16824130021
16178019453
13105602801
12096480120
17868622084
16178019453
14439951126
16178019453
13105602801
14709203020
19892925516
15049098047
16316729321
14709203020
14709203020
16577546233
14849474142
18122437201
15135253051
15135253051
15135253051
15135253051
15135253051
19729655162
15135253051
19035395144
15135253051
15135253051
12098506636
19042673948
16206631499
12098506636
12018911141
19042673948
19038021299
12018911141
19714601740
19042673948
16505429593
16824130021
16505429593
17609120697
16505429593
12133385525
19734649721
15419012285
16505429593
16505429593
16505429593
19734649721
19734649721
19714601740
19714601740
19714601740
13137295473
17013812020
19714601740
18102282244
19714601740
19714601740
19714601740
19714601740
16054967587
16054967587
16054967587
16054967587
16054967587
17864342439
16054967587
19714601740
15029941782
15029941782
15029941782
15029941782
15029941782
15029941782
15029941782
15029941782
15102287817
16054967587
18016944539
18016944539
18439042408
19714601740
16505429593
12153105060
17855101909
13057969346
16206217874
12532938863
16204743844
16204743844
16204743844
16204743844
16204743844
17076392820
16204743844
16204743844
16204743844
16204743844
15029941782
12539937171
19312391845
16193549880
13239109442
16096057038
17134297348
16204743844
16204743844
16204743844
16204743844
17302318867
16204743844
16204743844
16204743844
16204743844
16204743844
13234252223
16204743844
15712084605
16094447870
16204743844
17134297348
16204743844
19192258687
17272905323
19732029293
16266260798
17032006021
18722005955
18722005955
19564100636
19564100636
19564100636
19564100636
19564100636
19564100636
19564100636
19564100636
19564100636
19564100636
19564100636
19564100636
19564100636
19894233436
17134297348
12084869889
12084869889
12084869889
12084869889
12084869889
13365830380
12084869889
19894233436
12084869889
12084869889
12084869889
18143134502
18143134502
18143134502
14076084133
14076084133
18504669115
12132662906
12132662906
16124611313
18182211167
18182211167
18182211167
15618340144
18182211167
15618340144
15618340144
15618340144
17348345837
17852645525
18392664072
17852645525
17852645525
17852645525
19295836029
19295836029
17852645525
19295836029
19313163582
19295836029
12164256235
13176919079
12164256235
12164256235
12164256235
12164256235
14323711760
12164256235
12164256235
13176919079
18125576206
14802267397
14802267397
15135253051
15135253051
17134084364
14802267397
15135253051
14802267397
15135253051
12084870036
16592017869
13176919079
16196059731
14423211546
15135253051
14802267397
14423211546
14403219184
14802267397
18023315004
18124984813
13524962531
15512977394
18142810931
12027171148
12029805390
14079454587
12029805390
12029805390
12029805390
12029805390
16193924925
19163452129
15135253051
13176919079
12232249744
15135253051
15135253051
15135253051
15135253051
15035201395
15035201395
15135253051
16467815607
15135253051
15035201395
15135253051
15135253051
15135253051
13523066181
17606660598
15135253051
16097607644
18018572800
18018572800
18018572800
18018572800
17606660598
18482791921
18018572800
18018572800
18018572800
18018572800
15135253051
18016944539
15168554952
14023022296
15135253051
17543128004
17543128004
13176919079
17543128004
14423212972
17543128004
17543128004
17543128004
17543128004
17543128004
17543128004
17543128004
17543128004
14023022296
13109490791
15135253051
14023022296
13523146550
18103975305
16025505656
16025505656
15135253051
17868345644
16025505656
17278700167
15135253051
14023022296
12532902912
14693940061
15135253051
14023022296
14302972099
14302972099
14302972099
14023022296
16193821364
15135253051
18138167939
18138167939
17815124412
18138167939
18138167939
18138167939
16616363027
18283309568
19402063022
12132662906
16463479422
15708407006
15303055417
15303055417
16162583499
14079454587
19562062889
15512976689
12025566259
13129141987
15168554443
15168554443
15168554443
15168554443
16023616047
12523026630
13607644878
16023616047
18722312590
18722312590
18722312590
18722312590
18105134914
18722312590
17134297348
18722312590
18722312590
18623611212
18722312590
18722312590
18722312590
15303055417
18722312590
15303055417
18722312590
18722312590
18722312590
18722312590
18024555195
15303055417
12248171635
13607644878
15034096697
15034096697
15034096697
17737181668
13123615605
13123615605
13343672061
18283086159
12248171635
18283086159
18283086159
18283086159
16058693192
18283086159
12086050725
13477897463
13607644878
15034096697
15034096697
15034096697
15034096697
16023616047
15034096697
14322461127
14023022296
14023022296
14023022296
14023022296
14023022296
15208884131
15208884131
15208884131
13607644878
15208884131
14088000964
18708109766
14023022296
13523146550
14322461127
16023616047
18023315004
19086448113
14023022296
19086448113
13465867586
19792537290
16365426105
14023022296
19086448113
19086448113
18283086159
14023022296
17869984732
17125418703
18283086159
16023616047
14023022296
14023022296
19086448113
13109490226
17125418703
14023022296
14023022296
14023022296
14023022296
14023022296
14063420240
13058884403
15803354374
19032723395
12126344273
18283086159
19297247889
18283086159
19297247889
19297247889
19562062889
19297247889
12086050725
19297247889
19297247889
18283086159
12173044607
14423212835
18283086159
17745816166
18458679392
17745816166
12192782163
18283086159
13126209972
12137873685
13126209972
13126209972
13126209972
12086050725
15178126806
17622408775
18283086159
14722483187
16162583499
16502605267
16502605267
12542713285
12542713285
12542713285
12542713285
12542713285
12022537061
12022537061
12022537061
19783023950
17134297348
12022537061
12523425734
16092905789
17125418703
12678189296
12678189296
19172024694
17122232566
19172024694
14153404118
13045444789
12678189296
14153404118
12678189296
12678189296
16787613200
15187690857
15612126836
18016944539
18016944539
18016944539
13014673094
12123541531
12123541531
18016944539
12123541531
12123541531
18068860979
13044052859
12523425734
13044052859
12122528893
13044052859
13044052859
18283086159
19168064088
13044052859
13044052859
13044052859
13044052859
12294990164
18283086159
13044052859
13044052859
13044052859
16166380292
18283086159
18609940204
19519010367
15162349044
16086975904
17125418703
12077456162
19168064088
13105056399
18609940204
14404930070
14404930070
12294990164
12404687695
14404930070
18283086159
14404930070
14404930070
12404687695
12404687695
19168064088
12404687695
14404930070
14404930070
14404930070
18283086159
14404930070
14404930070
19562062889
18283086159
12394662020
12394662020
12394662020
12394662020
18283086159
12394662020
12394662020
12394662020
19168064088
12394662020
12394662020
18283086159
12394662020
15185281722
12394662020
18283086159
17737181668
19168064088
15612556919
18283086159
15734844584
18283086159
13208155083
19168064088
19167384664
15164419961
18283086159
12127506703
12096616611
18283086159
13365805198
18283086159
15512550141
17734743082
17134297348
13237937103
14155216340
18565790552
14155216340
18283086159
15162349044
17134297348
18175914849
18175914849
18283086159
18175914849
18175914849
18175914849
18175914849
18175914849
18175914849
18175914849
18175914849
18175914849
12022252937
18175914849
18175914849
18175914849
18175914849
14177707609
13374141119
12298386101
18175914849
18175914849
18175914849
18175914849
18175914849
18175914849
18175914849
18175914849
18175914849
18175914849
16418954208
16467555588
18175914849
18175914849
18175914849
18503334487
18175914849
18175914849
18175914849
18175914849
14342944759
18175914849
18175914849
13044052859
13044052859
18175914849
13044052859
17072873415
18175914849
14172991171
13044052859
18175914849
18175914849
18175914849
18175914849
17655411365
18175914849
18175914849
13364573839
13044052859
13044052859
16467555588
13044052859
13044052859
15868723285
13044052859
13044052859
13364573839
13364573839
17134297348
15073608781
12298915403
14013551108
12487273946
15714236171
16026201635
13017064155
13145327781
15054692712
13526173880
16179673400
14047647263
13364573839
17146057383
14047647263
14252398331
14047647263
12524329207
18503334487
18593140406
12176176601
14013551108
19259685331
19734798554
14013551108
14013551108
13526173880
14155216340
13526173880
15185986654
13465782492
13522398059
17408183464
13522398059
15672415576
18036690151
13038853016
18036690151
15154910525
17067159107
17574395358
13038853016
13306120622
15154910525
12077565595
15167824069
15154910525
13038853016
18593140406
15417951623
12513277488
15154910525
13038853016
15039021008
15039021008
15154910525
15154910525
15154910525
12153071146
14077975040
15154910525
14077975040
14232766008
15154910525
17145956164
14077975040
15154910525
14232766008
15417951623
14077975040
14792503369
18025277575
17145956164
13474804569
13474804569
13474804569
12136300981
12136300981
19043146251
14232766008
14122961294
12136300981
17145956164
15406929833
15406929833
15406929833
15406929833
15406929833
18563714069
16204743844
16204743844
16204743844
16146141394
12526508578
17754168959
17754168959
18563714069
16146141394
16146141394
17145956164
14232766008
18472712927
14132259385
14232766008
17145956164
19562062889
19703090500
16146141394
14132259385
19703090500
19703090500
18033363877
18033363877
14232766008
18033363877
16146141394
19703090500
14232766008
16204743844
16204743844
18607770766
18033363877
18033363877
13369882412
18033363877
19703090500
18033363877
18033363877
14232766008
19703090500
13209053092
17165253301
14232766008
19703090500
19562062889
18033363877
17145956164
16204743844
19703090500
17147455267
14232766008
19703090500
12022575624
19703090500
16204743844
19703090500
16464001319
16034939241
17169939990
17169939990
16034939241
12169785420
16204743844
16463491984
13854531525
16034939241
16592161219
17045482334
16146141394
15404906177
16034939241
16204743844
16034939241
17134297348
19062418435
17134297348
16034939241
16034939241
16204743844
15859785373
16034939241
16204743844
17473341505
17473341505
17473341505
17473341505
16034939241
17473341505
16204743844
15152297015
16034939241
15135253051
16309260748
16204743844
16672368209
17134297348
17326905973
16368751405
16034939241
16368751405
17326905973
16368751405
16368751405
16368751405
17326905973
17326905973
16309260748
18326556135
15135253051
12166186555
12166186555
12166186555
15152311311
16146141394
12166186555
12166186555
16034939241
15135253051
18326556135
16204743844
16468001167
16468001167
16034939241
16468001167
17145956164
17134297348
16592161219
15135253051
12126345817
16592161219
12126345817
18326556135
16034939241
16592161219
16034939241
17204800888
18326556135
16034939241
16204743844
16034939241
18326556135
16034939241
16034939241
12178538199
16034939241
16204743844
13478555522
12166186555
13478555522
13478555522
17326905973
13478555522
13478555522
17326905973
16204743844
18326556135
15135253051
17145956164
18326556135
16204743844
16034939241
15167824069
18636981501
16034939241
19254444118
19254444118
17326905973
16107300182
19178145762
16034939241
15167824069
16034939241
14123892720
16467815853
17326905973
16034939241
14123892720
15167824069
15167824069
17326905973
14123892720
15167824069
15135253051
16034939241
17085069715
17326905973
16034939241
17326905973
16034939241
14123892720
12399137421
16592161219
15135253051
15135253051
16089633532
15135253051
18166796904
14123892720
16592161219
16592161219
16592161219
16592161219
16592161219
16592161219
15059273605
15153350125
15153350125
12166186555
16056530526
16204743844
15154910525
18146020337
14084930421
14084930421
14084930421
15135253051
14084930421
14084930421
16204743844
14084930421
15135253051
14084930421
14084930421
16204743844
13866285300
14084930421
14084930421
13866285300
13866285300
16034939241
17326905973
18146020337
15059060697
14173127938
15135253051
17134297348
18146020337
17326905973
19732751056
18083530406
18083530406
17134297348
15135253051
19036036605
17134297348
18146020337
18042990935
15135253051
15019125716
18042990935
15417951623
15154910525
18146020337
18042990935
17134297348
15135253051
18326556135
18146020337
15019125716
12677969965
15135253051
17707152264
16204743844
18326556135
15135253051
17134297348
19133154793
12677969965
18624148827
18624148827
18624148827
18624148827
15154910525
15135253051
18146020337
16204743844
17134297348
15019125716
18624148827
18624148827
18624148827
18326556135
16204743844
16036738354
18146020337
12602584494
16034939241
15135253051
18146020337
17134297348
16612280291
16612280291
19802502514
15135253051
16612280291
15019125716
16204743844
15154910525
12039173545
16612280291
12039173545
12039173545
18146020337
12039173545
19802502514
19802502514
15019125716
16204743844
18146020337
15303220159
15019125716
16025102644
15135253051
17134297348
18146020337
15019125716
17134297348
15049098047
15135253051
18146020337
12602584494
19492303944
12547334111
17164955888
15135253051
14078180263
17134297348
14145302337
15418151632
19492303944
12032289445
15135253051
17164955888
12032289445
16204743844
12145422785
16204743844
18146020337
16034939241
17164955888
12148858552
17035480869
12148858552
14145302337
18326556135
17035480869
17035480869
12148858552
13107567699
19802502514
12148858552
17035480869
12148858552
17035480869
16204743844
17035480869
12148858552
12148858552
12096485819
15135253051
16787613200
13144869056
18146020337
19143692168
13158797832
16204743844
18133654618
19802502514
18326556135
15042563440
12148858552
13107567699
16034939241
16787613200
13347148488
17164955888
17035480869
17035480869
19208636837
17035480869
14078180263
16204743844
12536704121
17035480869
15613297232
16505429593
15135253051
17035480869
18146020337
16034939241
12148858552
16505429593
16505429593
16025102644
14077975040
19177921462
19194406044
16505429593
12148858552
12702612042
13107567699
16505429593
12536704121
18146020337
16034939241
17035480869
14077975040
17035480869
13016060688
12148858552
16315618961
16204743844
16787613200
17164955888
16034939241
12148858552
18083530406
13016060688
13107567699
18452822900
15135253051
12148858552
19709466420
16204743844
15135253051
16787613200
12148858552
13107567699
15039021008
17049743409
15167824069
12148858552
17049743409
18452822900
15135253051
16204743844
15612556919
17326905973
16204743844
12148858552
15869969800
17708460981
15417951623
19177540795
12148858552
16787613200
16204743844
17708460981
16107818431
15134352601
17326905973
16787613200
17316135395
12148858552
19792537290
16204301568
16067940490
14342250071
16787613200
12148858552
17708460981
15049098047
15049098047
15134352601
19792537290
15049098047
16097426858
17038197550
12148858552
16067940490
15049098047
13158323893
12148858552
16097426858
19739033323
17166403459
12148834514
12148834514
12148834514
19739033323
12148834514
15049098047
19739033323
19712780042
19712780042
12148834514
17326905973
17033468618
14085963138
14085963138
17033468618
17042211191
12399137421
12399137421
13155805902
18572096182
12399137421
12399137421
12399137421
12399137421
13185922790
12399137421
12399137421
17326905973
17326905973
17326905973
17326905973
19784934946
16057690919
17326905973
17326905973
17326905973
17326905973
17326905973
17326905973
16034939241
16034939241
16034939241
16034939241
16034939241
16034939241
17326905973
16034939241
16034939241
19784934946
17326905973
17068897600
16505429593
18052181561
14013730143
14013730143
14013730143
13303211136
12132662906
12132662906
12132662906
12132662906
13366934725
12148834514
12132662906
12132662906
12148834514
12132662906
12132662906
12132662906
12132662906
13147181369
12488256637
17249124845
13369719963
18454856493
18454856493
16505429593
16505429593
16505429593
16505429593
16505429593
16505429593
16505429593
18086630156
18086630156
18086630156
18086630156
14086348128
14086348128
14086348128
14086348128
14196029876
14196029876
14196029876
14196029876
14196029876
18133614563
18133614563
18133614563
18133614563
18179711676
18179711676
18179711676
18179711676
18179711676

