
+17137847353
+16368751533
+12126344732
+17137847353
+17134297348
+12542493863
+17134297348
+17134297348
+17134297348
+17134297348
+17134297348
+17134297348
+18039130053
+12026562260
+12026562260
+12026562260
+12026562260
+12026562260
+12026562260
+12026562260
+12026562260
+12026562260
+12026562260
+15034657817
+15034657817
+15034657817
+15034657817
+16505429593
+16505429593
+16505429593
+12026562260
+12026562260
+12138062590
+18182825696
+17134297348
+16286280056
+15029094566
+15029094566
+15029094566
+15029094566
+15029094566
+13018831991
+13018831991
+12133291131
+12133291131
+12133291131
+14079956540
+14079956540
+14079956540
+14079956540
+14079956540
+14079956540
+17134297348
+15029094566
+15029094566
+15029094566
+15627326247
+12133291131
+12138062590
+15029094566
+15029094566
+15029094566
+13365100671
+18135512801
+18135512801
+18135512801
+15013175684
+18135512801
+12138062590
+16693059222
+14172957536
+15029094566
+15029094566
+15029094566
+15029094566
+18135512801
+18135512801
+18135512801
+18135512801
+18135512801
+18135512801
+18135512801
+18135512801
+18135512801
+18135512801
+17134297348
+18135512801
+13322035744
+14172957536
+18135512801
+18135512801
+18135512801
+18135512801
+18135512801
+18135512801
+12138062590
+18135512801
+13136885246
+18135512801
+18135512801
+18135512801
+18135512801
+18135512801
+12029846623
+12029846623
+12029846623
+14024701349
+14024701349
+14024701349
+18135512801
+12029846623
+12062912698
+12029846623
+12153105060
+19362240613
+16077482377
+13214179379
+14028023032
+16178019453
+14028023032
+14028023032
+16178019453
+14028023032
+16178019453
+14028023032
+16178019453
+16178019453
+16178019453
+16178019453
+16178019453
+19042673948
+16206631499
+12018911141
+19042673948
+12018911141
+19042673948
+16505429593
+16505429593
+16505429593
+12133385525
+15419012285
+16505429593
+16505429593
+16505429593
+16054967587
+16054967587
+16054967587
+16054967587
+16054967587
+16054967587
+15102287817
+16054967587
+16505429593
+12153105060
+17076392820
+16193549880
+13239109442
+17134297348
+15712084605
+16094447870
+17134297348
+17272905323
+16266260798
+17134297348
+12084869889
+12084869889
+12084869889
+19252143839
+19252143839
+13152883565
+13152883565
+13152883565
+13152883565
+13152883565
+13152883565
+13152883565
+19737807953
+19737807953
+14128078157
+14128078157
+13362011791
+16159959544
+16159959544
+16159959544
+16159959544
+13603920740
+13603920740
+13603920740
+13603920740
+13603920740
+13603920740
+17134297348
+17134297348
+13603920740
+13603920740
+13603920740
+13603920740
+19168008159
+17814763555
+13617172071
+15674428157
+13617172071
+19702005109
+19702005109
+13478308642
+13525933045
+13525933045
+13525933045
+12052243537
+17134297348
+17134297348
+16672368687
+15595403545
+17134297348
+17134297348
+16365426417
+15017372064
+16592017468
+17134297348
+17473341231
+16463492889
+18142810357
+13525933045
+17173826350
+13525933045
+13525933045
+13525933045
+16463492766
+13525933045
+18722312209
+13525933045
+18452516062
+13469716273
+14323711559
+18438642430
+12126345604
+12126345135
+13109490368
+18722313753
+17134297348
+12085374131
+15168631043
+18722312363
+17815124568
+16463479076
+17137847353
+15344005275
+17134297348
+12128474455
+19037863036
+17134297348
+17134297348
+12298915403
+14013551108
+12487273946
+12176176601
+14013551108
+19259685331
+14013551108
+14013551108
+15185986654
+17408183464
+15672415576
+17067159107
+12077565595
+15039021008
+15039021008
+14792503369
+18025277575
+12136300981
+12136300981
+12136300981
+15406929833
+15406929833
+15406929833
+15406929833
+15406929833
+12526508578
+14132259385
+14132259385
+17169939990
+17169939990
+16463491984
+17134297348
+17134297348
+17473341505
+17473341505
+17473341505
+17473341505
+17473341505
+16672368209
+17134297348
+16368751405
+16368751405
+16368751405
+16368751405
+16368751405
+16468001167
+16468001167
+16468001167
+17134297348
+12126345817
+12126345817
+12084869889
+12084869889
+12084869889
+12084869889
+12084869889
+12084869889
+18143134502
+18143134502
+18143134502
+18504669115
+12132662906
+12132662906
+18182211167
+18182211167
+18182211167
+15618340144
+18182211167
+15618340144
+15618340144
+15618340144
+17852645525
+18392664072
+17852645525
+17852645525
+17852645525
+17852645525
+12164256235
+12164256235
+12164256235
+12164256235
+12164256235
+14323711760
+12164256235
+12164256235
+12084870036
+16592017869
+16196059731
+14423211546
+14423211546
+18023315004
+18142810931
+12029805390
+12029805390
+12029805390
+12029805390
+12029805390
+12232249744
+15035201395
+15035201395
+15035201395
+13523066181
+17606660598
+17606660598
+15168554952
+17543128004
+17543128004
+17543128004
+14423212972
+17543128004
+17543128004
+17543128004
+17543128004
+17543128004
+17543128004
+17543128004
+17543128004
+13109490791
+13523146550
+17278700167
+18138167939
+18138167939
+17815124412
+18138167939
+18138167939
+18138167939
+16616363027
+18283309568
+12132662906
+16463479422
+15168554443
+15168554443
+15168554443
+15168554443
+12523026630
+18722312590
+18722312590
+18722312590
+18722312590
+18722312590
+17134297348
+18722312590
+18722312590
+18623611212
+18722312590
+18722312590
+18722312590
+18722312590
+18722312590
+18722312590
+18722312590
+18722312590
+18024555195
+13123615605
+13123615605
+16058693192
+12086050725
+14088000964
+13523146550
+18023315004
+19086448113
+19086448113
+16365426105
+19086448113
+19086448113
+17869984732
+19086448113
+13109490226
+14063420240
+13058884403
+15803354374
+19032723395
+12126344273
+12086050725
+14423212835
+18458679392
+12192782163
+13126209972
+12137873685
+13126209972
+13126209972
+13126209972
+12086050725
+17622408775
+12542713285
+12542713285
+12542713285
+12542713285
+12542713285
+17134297348
+12678189296
+12678189296
+14153404118
+12678189296
+14153404118
+12678189296
+12678189296
+12123541531
+12123541531
+12123541531
+12123541531
+12122528893
+18609940204
+18609940204
+12394662020
+12394662020
+12394662020
+12394662020
+12394662020
+12394662020
+12394662020
+12394662020
+12394662020
+12394662020
+12394662020
+15734844584
+19167384664
+12127506703
+17734743082
+17134297348
+18565790552
+17134297348
+18175914849
+18175914849
+18175914849
+18175914849
+18175914849
+18175914849
+18175914849
+18175914849
+18175914849
+18175914849
+18175914849
+18175914849
+18175914849
+18175914849
+18175914849
+14177707609
+18175914849
+18175914849
+18175914849
+18175914849
+18175914849
+18175914849
+18175914849
+18175914849
+18175914849
+18175914849
+16467555588
+18175914849
+18175914849
+18175914849
+18175914849
+18175914849
+18175914849
+18175914849
+18175914849
+18175914849
+18175914849
+18175914849
+18175914849
+18175914849
+18175914849
+18175914849
+18175914849
+18175914849
+16467555588
+16315618961
+13107567699
+13107567699
+15039021008
+14342250071
+12399137421
+12399137421
+18572096182
+12399137421
+12399137421
+12399137421
+12399137421
+12399137421
+12399137421
+16505429593
+14013730143
+14013730143
+14013730143
+12132662906
+12132662906
+12132662906
+12132662906
+12132662906
+12132662906
+12132662906
+12132662906
+12132662906
+12132662906
+17249124845
+16505429593
+16505429593
+16505429593
+16505429593
+16505429593
+16505429593
+16505429593
+14086348128
+14086348128
+14086348128
+14086348128
+19254444118
+19254444118
+19178145762
+12399137421
+15153350125
+15153350125
+16056530526
+14084930421
+14084930421
+14084930421
+14084930421
+14084930421
+14084930421
+14084930421
+14084930421
+13866285300
+14084930421
+14084930421
+13866285300
+13866285300
+17134297348
+17134297348
+17134297348
+18042990935
+18042990935
+18042990935
+17134297348
+17134297348
+18624148827
+18624148827
+18624148827
+18624148827
+17134297348
+18624148827
+18624148827
+18624148827
+16036738354
+12602584494
+17134297348
+16612280291
+16612280291
+16612280291
+16612280291
+15303220159
+17134297348
+17134297348
+12602584494
+17134297348
+13107567699
+19143692168
+13107567699
+19208636837
+16505429593
+16505429593
+16505429593
+19177921462
+16505429593
+12702612042
+13107567699
+16505429593
