15302731243
16309044025
13029983891
18139892764
19544765849
17184029563
19377731025
18302576764
14129512351
19049647968
12019912852
14405936940
14099857788
12143769785
14809919605
14025902074
16068749913
16152156199
15033903099
12012508455
18564287518
17168321350
18474919107
15165795763
14104425477
15186957329
12702956523
17022944497
18056402433
18509736167
18458313565
18325976477
14406391216
17406269012
13652200599
12038491523
18656930506
13138952900
14034435198
15193362060
14232466258
14357923035
14697174878
14013561605
17813962441
13363525273
12819546273
12035498302
19722242526
18019675209
13135386075
14253976199
17136374192
15705079568
15702744750
18565822465
18433897206
19898832012
15749368533
19708765630
12147171930
12087048295
16158515561
13369368028
19057379118
12108261847
16312615026
12099518189
18137925813
15043980619
15412476506
17182054636
14062598177
18636882290
18472231519
12705771512
17167739549
19514880379
16103287842
12069884859
15417269670
12156859862
15139221151
12603558646
13019123784
17048612255
14177432780
14432495592
17033613320
12075394102
12037486297
18287585306
18182432558
12565385185
15128361904
12293868079
14798463571
14108367437
16235510073
17148954565
16318629072
16302893644
12319475026
13237592207
17179510517
15122597122
18034855084
12158569999
14033437712
16503286815
18582742112
15734719065
16067234490
15059821721
19313882954
18107437342
18034965669
15162219848
18476624848
16195416000
17328556928
14043053536
19054920800
19375922292
15133857747
19796572577
14105212805
18138761401
18708692690
19057284143
17033696398
12038595375
18144743406
17176776506
17572275134
12522910035
19105219344
17074338508
13198638027
12348043043
12076640289
18037548273
18036651253
19099836427
17083541862
16185238139
14057378257
15703372599
19897986977
12076859245
17739426669
13376528481
13154376817
15137558157
17063548720
13523320871
17068655610
19017895484
17317726809
12023677098
15707731240
14172331818
12157633236
12708642677
14158599654
17186246853
14108039076
14407344427
17026454212
18036484605
13178445934
12817131087
13063742547
15405084606
12604472001
15098264664
14134438449
18107670469
12096075415
19072253749
12566592432
17403353259
14177253537
17193206641
12035449584
12486084531
13862524175
19793186856
19287644019
12037625709
15036490879
14109236163
14072322216
14404428540
14042527725
16618325669
13365489545
12077836166
13043072208
15612757049
18434793379
18034083173
13042424868
12129795432
17168768705
13347355023
18054924795
17247088020
16039159040
15402278197
14088674055
14806997631
14072879150
17174456222
13302645807
12083765561
18042226000
17127221070
17865819682
15123396040
15207499395
13016624201
12523304523
17088499040
14106639180
16312539438
18044352307
15053255334
16512639511
18593316934
14348325000
18125844596
17186655464
15036203346
17076464318
14045220142
15138877334
17186337758
16612562925
17166756189
13049384986
17156850179
19516760303
16167869174
16177346886
17062569952
17753923599
